99.992720
99.925264
100.098835
100.147664
100.064504
99.913257
100.022242
100.011000
100.051124
99.990364
99.970418
100.017954
100.167768
100.069696
100.036305
99.895585
100.048403
99.962190
99.815980
99.882621
100.017509
99.875911
100.042688
99.948981
99.947450
100.108837
100.277179
100.042949
99.945398
99.989205
99.932737
99.984520
100.155038
99.943921
99.922849
99.859243
99.993471
100.020615
100.002004
100.188608
99.858560
99.943043
99.960983
99.826224
99.845207
100.090771
100.051977
100.105259
100.129509
100.013073
99.924073
100.081240
99.816631
100.065408
99.962489
99.923439
100.033877
99.859518
99.935663
100.134484
100.074134
99.985719
99.919987
100.123757
99.972180
100.063073
100.022963
100.052128
100.134580
99.762207
99.967429
100.156766
100.064642
100.019704
100.072603
100.060336
99.889133
99.864718
100.039117
99.967668
99.949760
100.075480
100.061316
100.008876
99.932453
99.998317
99.908590
99.968258
100.082900
99.807771
100.004497
99.969011
100.094770
99.888439
100.117484
100.164548
100.100877
100.060202
99.838957
100.068359
