99.502845
99.984593
99.700492
99.593099
99.345040
99.762883
100.935661
99.794330
99.400442
100.222909
99.916002
100.210559
100.998474
99.316809
99.716478
100.348570
99.903125
99.556813
99.185902
99.792295
100.114717
100.350002
100.727402
99.996672
100.358849
100.250276
99.919845
99.016591
99.055803
99.341928
99.548818
100.473621
100.214520
100.089652
99.528305
99.046935
100.336074
99.995938
99.720777
99.890012
99.848594
99.939253
99.577856
99.775240
99.952112
101.184801
100.205263
100.214392
99.906974
99.671187
99.702415
100.034770
100.913681
99.227615
100.103844
99.946822
100.516731
99.484715
100.085393
100.968137
100.405990
99.950071
100.246625
100.647976
100.108564
99.725726
100.177656
99.692015
100.487461
99.453841
98.993886
100.116669
99.435294
100.848435
100.396263
99.970797
101.072115
100.228511
101.036507
100.734066
100.104797
99.525905
100.880251
101.297785
101.393402
100.135825
99.024315
100.294167
99.162575
99.781669
101.208305
100.093792
99.737149
99.203840
100.242572
99.772883
101.024702
100.008930
100.619376
99.609642
