010000101100011110101111111
010000101100100000010101100
010000101100100000101000001
010000101100011111111000001
010000101100011111001011111
010000101100100000110101111
010000101100011111111100011
010000101100100000000000100
010000101100100000000011100
010000101100011111101111000
010000101100100000001111010
010000101100100001101110111
010000101100100000001110010
010000101100100000001010000
010000101100011111010110000
010000101100100000010101010
010000101100011111100011010
010000101100011110010011110
010000101100011111000010000
010000101100100000001010110
010000101100011111001001101
010000101100100000100010101
010000101100011111100110101
010000101100011111101100010
010000101100100000111010000
010000101100100010001000000
010000101100100000000101100
010000101100011111010110010
010000101100011111110000110
010000101100011111011000000
010000101100011111111110111
010000101100100001010000001
010000101100011111100101001
010000101100011111010011010
010000101100011110101101100
010000101100100000000000111
010000101100100000001010010
010000101100011111111101110
010000101100100001011101001
010000101100011110110111100
010000101100011111100010110
010000101100011111100111111
010000101100011110100110100
010000101100011110110001101
010000101100100000111001100
010000101100100000011100000
010000101100100000110110111
010000101100100001000000001
010000101100100000000011100
010000101100011111010111001
010000101100100000101001001
010000101100011110101011110
010000101100100000011010000
010000101100011111101101111
010000101100011111011000111
010000101100100000010101010
010000101100011110110101000
010000101100011111100000001
010000101100100001001011011
010000101100100000101000011
010000101100011111111000011
010000101100011111011001011
010000101100100001000011001
010000101100011111110010110
010000101100100000011101111
010000101100100000001100110
010000101100100000011000001
010000101100100001000111010
010000101100011110000100000
010000101100011111101000101
010000101100100001010000000
010000101100100000011100111
010000101100100000001111011
010000101100100000100111001
010000101100100000011110011
010000101100011111001110100
010000101100011110111100111
010000101100100000011010001
010000101100011111110100000
010000101100011111100111001
010000101100100000100011011
010000101100100000100100001
010000101100100000001011111
010000101100011111100101110
010000101100011111111111111
010000101100011111001100010
010000101100011111110001011
010000101100100000100101011
010000101100011110011101011
010000101100100000001000101
010000101100011111110000110
010000101100100000101110101
010000101100011111000011011
010000101100100000111100110
010000101100100001010010001
010000101100100000111000010
010000101100100000011110100
010000101100011110110001011
010000101100100000100000101
010000101100100000100000110
