010000101100011100000001011
010000101100011111111000000
010000101100011101100110101
010000101100011100101111101
010000101100011010110000101
010000101100011110000110100
010000101100100111011111000
010000101100011110010110101
010000101100011011001101000
010000101100100001110010001
010000101100011111010100111
010000101100100001101011110
010000101100100111111111001
010000101100011010100010001
010000101100011101101110110
010000101100100010110010011
010000101100011111001110011
010000101100011100011101000
010000101100011001011111001
010000101100011110010101101
010000101100100000111010101
010000101100100010110011001
010000101100100101110100011
010000101100011111111110010
010000101100100010110111101
010000101100100010000000001
010000101100011111010110111
010000101100011000001000011
010000101100011000011100100
010000101100011010101111000
010000101100011100011000111
010000101100100011110010011
010000101100100001101101110
010000101100100000101101111
010000101100011100001110011
010000101100011000011000000
010000101100100010101100000
010000101100011111111101111
010000101100011101110001000
010000101100011111000111101
010000101100011110110010011
010000101100011111100000111
010000101100011100100111110
010000101100011110001100111
010000101100011111100111011
010000101100101001011110100
010000101100100001101001000
010000101100100001101101110
010000101100011111010000010
010000101100011101010111101
010000101100011101100111101
010000101100100000010001110
010000101100100111010011110
010000101100011001110100100
010000101100100000110101001
010000101100011111100100110
010000101100100100001000100
010000101100011011111000001
010000101100100000101011101
010000101100100111101111101
010000101100100011001111110
010000101100011111100110011
010000101100100001111110010
010000101100100101001011110
010000101100100000110111100
010000101100011101110011100
010000101100100001011010111
010000101100011101100010010
010000101100100011111001100
010000101100011011101000010
010000101100010111111100110
010000101100100000111011101
010000101100011011011110110
010000101100100110110010011
010000101100100011001010111
010000101100011111110001000
010000101100101000100100111
010000101100100001110100111
010000101100101000010010101
010000101100100101110111110
010000101100100000110101101
010000101100011100001101010
010000101100100111000010101
010000101100101010011000011
010000101100101011001001011
010000101100100001000101100
010000101100011000001100011
010000101100100010010110100
010000101100011001010011001
010000101100011110010000001
010000101100101001101010101
010000101100100000110000000
010000101100011101111001011
010000101100011001101000010
010000101100100001111100001
010000101100011110001011101
010000101100101000001100101
010000101100100000000100100
010000101100100100111101000
010000101100011100111000001
